0.749054 5
0.640075 100
0.310828 6
0.443674 62
0.0662184 31
0.225371 59
0.833667 71
0.594662 96
0.178061 39
0.0982117 72
0.673834 100
0.470004 10
0.175101 17
0.872004 20
0.897731 98
0.919685 20
0.0727562 12
0.301413 59
0.585628 50
0.358537 69
0.13914 9
0.113315 75
0.141345 42
0.0522865 16
0.260221 79
0.886001 7
0.140062 53
0.572796 25
0.308926 30
0.776681 96
0.0864999 45
0.401467 71
0.669022 96
0.056999 73
0.73223 7
0.462506 11
0.46962 76
0.90198 77
0.398372 27
0.817555 27
0.524284 30
0.700595 73
0.450849 73
0.401132 85
0.894453 85
0.735143 55
0.235802 65
0.855376 95
0.863377 11
0.178775 35
0.419862 86
0.107172 87
0.343948 72
0.419151 79
0.931568 42
0.156433 53
0.643492 98
0.588871 72
0.934285 56
0.644445 20
0.131071 64
0.0747446 31
0.693816 88
0.802288 27
0.872699 97
0.142017 17
0.790955 39
0.714853 23
0.228775 70
0.534855 95
0.589157 38
0.497123 20
0.0623755 16
0.610488 25
0.214893 94
0.816724 53
0.877382 12
0.800835 100
0.815832 85
0.792355 35
0.308634 100
0.537092 28
0.377335 23
0.328894 60
0.462795 47
0.810568 43
0.25127 76
0.452375 83
0.118564 77
0.275109 51
0.758344 48
0.931232 45
0.825442 22
0.920709 75
0.743047 17
0.410018 87
0.427637 46
0.945059 13
0.56548 91
0.542844 75
